000
10101110110101110100

11010101110101110100
110101101111110101110100
110101111011111111011011110100

1110101011101010100
111010110111010110100
1110101111011101011110100
1110101110111101011101100

1111010101111010101100
1111010111101111010111101100
111101011011111010111101100

111110101011111010101100
11111010110111110101101100
111110101111011111010111101100
111110101110110101110100

1111110101011111101010100
111111010110111111010110100
1111110101111011111101011110100
1111110101110111111101011101100

111111101011011111110101101100
1111111010111101111111010111101100
11111110101011111010111101100
000
1110101101011010101101011011011010111
000
